0.00;-6683;-2667;-15831;-2459;15441;;
8.52;-6553;-2616;-15602;-2536;15104;;
17.04;-6680;-2678;-15665;-2579;15445;;
25.56;-6541;-2792;-15693;-2583;15346;;
34.08;-6749;-2685;-15670;-2636;15250;;
42.60;-6754;-2774;-15793;-2523;15414;;
51.12;-6649;-2544;-15585;-2616;15064;;
59.64;-6835;-2789;-16114;-2801;15518;;
68.16;-6492;-2690;-15811;-2374;15265;;
76.68;-6816;-2904;-15927;-2689;15053;;
85.20;-6595;-2797;-15900;-2656;15255;;
93.72;-6777;-2987;-15913;-2710;15227;;
102.24;-6749;-2743;-15981;-2820;15242;;
110.76;-6742;-2832;-16017;-2674;15218;;
119.28;-6856;-2926;-16176;-2878;15285;;
127.80;-6620;-2817;-16034;-2528;15442;;
136.32;-6805;-3119;-16230;-2814;14834;;
144.84;-6889;-2797;-15976;-2733;15227;;
153.36;-6568;-3094;-16268;-2899;15110;;
161.88;-6809;-3066;-16077;-2884;15200;;
170.40;-6781;-3032;-16311;-2976;15218;;
178.92;-6804;-3072;-16281;-2759;15236;;
187.44;-6879;-3056;-16263;-2832;15214;;
195.96;-6771;-3150;-16423;-2946;14896;;
204.48;-7017;-3079;-16163;-2839;15208;;
213.00;-6570;-3018;-16410;-3130;14986;;
221.52;-6882;-3503;-16439;-2851;15360;;
230.04;-6805;-3200;-16260;-3138;14976;;
238.56;-6917;-3270;-16456;-2999;15331;;
247.08;-7000;-3279;-16480;-3043;15003;;
255.60;-6969;-3246;-16512;-3088;15079;;
264.12;-6844;-3326;-16540;-3031;15186;;
272.64;-6826;-3242;-16510;-3208;14957;;
281.16;-6977;-3598;-16808;-3031;15451;;
289.68;-6866;-3332;-16343;-3084;15017;;
298.20;-7140;-3490;-16699;-3428;15174;;
306.72;-6889;-3310;-16620;-3193;15316;;
315.24;-7152;-3499;-16711;-3254;15131;;
323.76;-6948;-3328;-16811;-3265;15195;;
332.28;-7017;-3588;-16789;-3223;15100;;
340.80;-7077;-3582;-16803;-3306;15231;;
349.32;-6966;-3481;-16679;-3171;15242;;
357.84;-7191;-3672;-16879;-3613;14986;;
366.36;-6960;-3336;-16785;-3311;15597;;
374.88;-7083;-3689;-17057;-3462;15153;;
383.40;-7323;-3461;-16885;-3348;15245;;
391.92;-7135;-3568;-17160;-3429;15192;;
400.44;-7168;-3600;-16893;-3317;15083;;
408.96;-7173;-3615;-17007;-3522;15241;;
417.48;-7173;-3694;-17094;-3551;15163;;
426.00;-7204;-3556;-17017;-3441;15508;;
434.52;-7060;-3659;-17312;-3618;15162;;
443.04;-7540;-3830;-16997;-3309;15333;;
451.56;-7233;-3417;-17250;-3638;15050;;
460.08;-7318;-3707;-17392;-3382;15224;;
468.60;-7280;-3700;-17277;-3596;15014;;
477.12;-7299;-3711;-17315;-3568;15341;;
485.64;-7279;-3833;-17315;-3557;15273;;
494.16;-7359;-3687;-17373;-3673;15158;;
502.68;-7492;-3921;-17380;-3432;15349;;
511.20;-7317;-3540;-17291;-3632;14971;;
519.72;-7513;-3815;-17805;-3698;15441;;
528.24;-7198;-3751;-17487;-3429;15079;;
536.76;-7494;-3906;-17611;-3660;15068;;
545.28;-7228;-3912;-17597;-3643;15175;;
553.80;-7523;-3983;-17613;-3666;15132;;
562.32;-7461;-3796;-17639;-3734;15199;;
570.84;-7417;-3808;-17651;-3620;15063;;
579.36;-7535;-3922;-17840;-3835;15255;;
587.88;-7178;-3732;-17500;-3301;15322;;
596.40;-7371;-3899;-17460;-3498;14773;;
604.92;-7240;-3446;-16996;-3272;15185;;
613.44;-6940;-3560;-16963;-3201;15112;;
621.96;-7003;-3242;-16486;-3135;15187;;
630.48;-6878;-3123;-16491;-2973;15262;;
639.00;-6818;-3019;-16270;-2749;15256;;
647.52;-6752;-2863;-16034;-2610;15357;;
656.04;-6647;-2952;-16089;-2690;14940;;
664.56;-6856;-2679;-15704;-2506;15299;;
673.08;-6326;-2673;-15871;-2722;15124;;
681.60;-6621;-2944;-15745;-2442;15392;;
690.12;-6526;-2676;-15594;-2671;15180;;
698.64;-6560;-2683;-15650;-2399;15437;;
707.16;-6624;-2628;-15569;-2416;15126;;
715.68;-6511;-2545;-15528;-2428;15157;;
724.20;-6499;-2567;-15404;-2280;15319;;
732.72;-6274;-2380;-15302;-2472;15085;;
741.24;-6449;-2749;-15538;-2163;15593;;
749.76;-6304;-2398;-14962;-2254;15144;;
758.28;-6493;-2468;-15198;-2403;15449;;
766.80;-6262;-2310;-15078;-2191;15359;;
775.32;-6474;-2324;-15021;-2165;15318;;
783.84;-6162;-2168;-15071;-2129;15374;;
792.36;-6229;-2300;-14886;-2084;15255;;
800.88;-6266;-2312;-14950;-2067;15506;;
809.40;-6130;-2151;-14606;-1898;15373;;
817.92;-6387;-2290;-14811;-2340;15233;;
826.44;-6041;-1948;-14688;-2006;15797;;
834.96;-6267;-2274;-14868;-2086;15376;;
843.48;-6339;-2014;-14793;-2043;15441;;
852.00;-6231;-2197;-14923;-2081;15421;;
860.52;-6259;-2197;-14724;-2076;15293;;
869.04;-6268;-2201;-14825;-2138;15519;;
877.56;-6323;-2331;-14969;-2318;15300;;
886.08;-6300;-2118;-14902;-2168;15774;;
894.60;-6221;-2317;-15196;-2353;15374;;
903.12;-6679;-2396;-14944;-2072;15504;;
911.64;-6370;-2102;-15171;-2346;15307;;
920.16;-6451;-2328;-15149;-2100;15336;;
928.68;-6421;-2313;-15128;-2348;15283;;
937.20;-6370;-2323;-15148;-2279;15555;;
945.72;-6406;-2344;-15100;-2219;15543;;
954.24;-6386;-2228;-15166;-2362;15369;;
962.76;-6609;-2494;-15067;-2030;15556;;
971.28;-6381;-2013;-15008;-2309;15153;;
979.80;-6539;-2342;-15483;-2266;15588;;
988.32;-6311;-2270;-15162;-2102;15204;;
996.84;-6541;-2369;-15234;-2276;15395;;
1005.36;-6307;-2443;-15253;-2257;15380;;
1013.88;-6563;-2424;-15183;-2288;15325;;
1022.40;-6526;-2335;-15330;-2298;15437;;
1030.92;-6447;-2286;-15189;-2261;15216;;
1039.44;-6637;-2446;-15584;-2520;15519;;
1047.96;-6281;-2337;-15343;-2038;15437;;
1056.48;-6619;-2612;-15484;-2368;15008;;
1065.00;-6469;-2382;-15382;-2314;15319;;
1073.52;-6453;-2659;-15479;-2381;15240;;
1082.04;-6533;-2422;-15420;-2496;15244;;
1090.56;-6526;-2506;-15577;-2416;15309;;
1099.08;-6577;-2588;-15636;-2461;15291;;
1107.60;-6484;-2485;-15558;-2275;15434;;
1116.12;-6522;-2754;-15722;-2481;14874;;
1124.64;-6754;-2488;-15443;-2380;15283;;
1133.16;-6275;-2643;-15728;-2624;15102;;
1141.68;-6596;-2847;-15620;-2461;15297;;
1150.20;-6552;-2691;-15657;-2695;15188;;
1158.72;-6588;-2728;-15746;-2426;15337;;
1167.24;-6705;-2751;-15735;-2544;15141;;
1175.76;-6587;-2763;-15821;-2603;15053;;
1184.28;-6703;-2774;-15727;-2510;15257;;
1192.80;-6414;-2664;-15797;-2799;15014;;
1201.32;-6670;-3144;-15982;-2466;15470;;
1209.84;-6574;-2830;-15603;-2739;14995;;
1218.36;-6753;-2932;-15882;-2790;15339;;
1226.88;-6692;-2897;-15911;-2712;15142;;
1235.40;-6826;-2921;-15911;-2748;15141;;
1243.92;-6581;-2925;-16061;-2742;15196;;
1252.44;-6654;-2966;-15896;-2811;15023;;
1260.96;-6734;-3155;-16187;-2743;15402;;
1269.48;-6629;-2981;-15784;-2680;15121;;
1278.00;-6922;-3161;-16080;-3141;15079;;
1286.52;-6603;-2868;-16030;-2849;15466;;
1295.04;-6894;-3162;-16153;-2936;15158;;
1303.56;-6815;-2927;-16242;-2925;15207;;
1312.08;-6807;-3218;-16254;-2896;15164;;
1320.60;-6836;-3147;-16146;-2957;15118;;
1329.12;-6803;-3102;-16142;-2932;15289;;
1337.64;-6908;-3289;-16282;-3210;15000;;
1346.16;-6773;-2958;-16174;-2984;15586;;
1354.68;-6774;-3266;-16512;-3145;15156;;
1363.20;-7194;-3201;-16248;-2939;15279;;
1371.72;-6905;-3105;-16547;-3158;15152;;
1380.24;-6974;-3245;-16409;-2957;15031;;
1388.76;-6976;-3228;-16469;-3231;15102;;
1397.28;-6921;-3271;-16510;-3197;15231;;
1405.80;-6994;-3273;-16469;-3131;15345;;
1414.32;-6892;-3252;-16699;-3320;15136;;
1422.84;-7264;-3511;-16469;-2982;15308;;
1431.36;-7000;-3046;-16591;-3315;14914;;
1439.88;-7124;-3371;-16898;-3147;15269;;
1448.40;-6988;-3323;-16712;-3174;14911;;
1456.92;-7134;-3376;-16771;-3252;15223;;
1465.44;-6984;-3477;-16775;-3248;15168;;
1473.96;-7210;-3399;-16784;-3311;15076;;
1482.48;-7186;-3468;-16843;-3213;15230;;
1491.00;-7088;-3258;-16744;-3266;14921;;
1499.52;-7282;-3485;-17205;-3473;15319;;
1508.04;-6923;-3384;-16922;-3036;15100;;
1516.56;-7259;-3620;-17035;-3350;14845;;
1525.08;-7019;-3449;-16969;-3309;15072;;
1533.60;-7185;-3669;-17025;-3344;15022;;
1542.12;-7162;-3449;-16985;-3462;15048;;
1550.64;-7153;-3518;-17144;-3338;15016;;
1559.16;-7242;-3597;-17228;-3507;15073;;
1567.68;-7037;-3480;-17098;-3189;15214;;
1576.20;-7171;-3772;-17317;-3449;14601;;
1584.72;-7298;-3448;-17012;-3373;15009;;
1593.24;-6935;-3712;-17373;-3555;14874;;
1601.76;-7221;-3779;-17117;-3501;14970;;
1610.28;-7207;-3698;-17399;-3624;14943;;
1618.80;-7207;-3734;-17362;-3402;14996;;
1627.32;-7300;-3712;-17335;-3471;14911;;
1635.84;-7172;-3809;-17473;-3574;14682;;
1644.36;-7409;-3729;-17247;-3467;14968;;
1652.88;-6988;-3685;-17485;-3768;14725;;
1661.40;-7288;-4131;-17520;-3453;15116;;
1669.92;-7192;-3842;-17287;-3749;14736;;
1678.44;-7333;-3939;-17508;-3656;15063;;
1686.96;-7377;-3927;-17519;-3673;14752;;
1695.48;-7363;-3900;-17571;-3699;14823;;
1704.00;-7210;-3945;-17617;-3669;14903;;
1712.52;-7212;-3922;-17536;-3791;14694;;
1721.04;-7348;-4196;-17806;-3637;15168;;
1729.56;-7194;-3933;-17333;-3640;14762;;
1738.08;-7454;-4042;-17555;-3957;14848;;
1746.60;-7128;-3754;-17347;-3602;15096;;
1755.12;-7311;-3806;-17224;-3528;14891;;
1763.64;-7020;-3454;-17048;-3380;14939;;
1772.16;-6965;-3547;-16751;-3181;14916;;
1780.68;-6900;-3352;-16456;-3112;14980;;
1789.20;-6738;-3136;-16151;-2908;15033;;
1797.72;-6838;-3224;-16146;-3175;14774;;
1806.24;-6562;-2769;-15902;-2826;15423;;
1814.76;-6615;-3018;-16031;-2881;14968;;
1823.28;-6823;-2768;-15788;-2710;15060;;
1831.80;-6590;-2777;-15896;-2775;15017;;
1840.32;-6600;-2780;-15631;-2605;14885;;
1848.84;-6577;-2717;-15605;-2763;15064;;
1857.36;-6531;-2720;-15611;-2707;15036;;
1865.88;-6516;-2550;-15458;-2557;15304;;
1874.40;-6360;-2585;-15601;-2688;15024;;
1882.92;-6769;-2725;-15316;-2298;15175;;
1891.44;-6436;-2228;-15343;-2573;14900;;
1899.96;-6491;-2481;-15483;-2292;15115;;
1908.48;-6375;-2371;-15232;-2402;14876;;
1917.00;-6382;-2355;-15197;-2336;15224;;
1925.52;-6308;-2409;-15142;-2276;15142;;
1934.04;-6381;-2207;-15033;-2336;15057;;
1942.56;-6422;-2338;-15003;-2069;15247;;
1951.08;-6249;-1973;-14790;-2188;14874;;
1959.60;-6396;-2206;-15254;-2245;15359;;
1968.12;-6075;-2093;-14886;-1892;15000;;
1976.64;-6363;-2220;-14948;-2123;14969;;
1985.16;-6085;-2173;-14915;-2097;15089;;
1993.68;-6321;-2246;-14853;-2098;15061;;
2002.20;-6287;-2033;-14953;-2198;15113;;
2010.72;-6252;-2119;-14923;-2080;15004;;
2019.24;-6394;-2226;-15225;-2359;15166;;
2027.76;-6108;-2142;-15030;-1937;15224;;
2036.28;-6359;-2448;-15203;-2257;14652;;
2044.80;-6363;-2159;-15040;-2187;15058;;
2053.32;-6147;-2448;-15238;-2302;14928;;
2061.84;-6343;-2357;-15103;-2369;14988;;
2070.36;-6322;-2355;-15260;-2348;15040;;
2078.88;-6314;-2379;-15271;-2194;15033;;
2087.40;-6347;-2301;-15184;-2173;15074;;
2095.92;-6248;-2440;-15326;-2299;14709;;
2104.44;-6533;-2273;-15048;-2184;15034;;
2112.96;-6037;-2295;-15274;-2451;14822;;
2121.48;-6348;-2650;-15233;-2188;15148;;
2130.00;-6272;-2394;-15085;-2467;14891;;
2138.52;-6339;-2449;-15263;-2257;15149;;
2147.04;-6430;-2450;-15242;-2317;14842;;
2155.56;-6380;-2412;-15279;-2370;14890;;
2164.08;-6343;-2475;-15281;-2296;15030;;
2172.60;-6218;-2367;-15227;-2499;14795;;
2181.12;-6408;-2773;-15552;-2272;15290;;
2189.64;-6298;-2500;-15069;-2409;14823;;
2198.16;-6545;-2640;-15417;-2652;15112;;
2206.68;-6338;-2536;-15381;-2467;15108;;
2215.20;-6592;-2645;-15416;-2512;15009;;
2223.72;-6335;-2516;-15584;-2521;15044;;
2232.24;-6430;-2715;-15417;-2523;14965;;
2240.76;-6484;-2776;-15633;-2543;15166;;
2249.28;-6399;-2651;-15341;-2433;15056;;
2257.80;-6667;-2826;-15595;-2891;14881;;
2266.32;-6355;-2526;-15538;-2601;15437;;
2274.84;-6593;-2849;-15716;-2699;15042;;
2283.36;-6697;-2622;-15696;-2647;15121;;
2291.88;-6580;-2799;-15805;-2686;15094;;
2300.40;-6604;-2802;-15662;-2681;14953;;
2308.92;-6604;-2784;-15682;-2761;15193;;
2317.44;-6639;-2899;-15795;-2893;14987;;
2325.96;-6615;-2677;-15702;-2734;15398;;
2334.48;-6506;-2868;-15990;-2920;15053;;
2343.00;-6975;-2934;-15748;-2629;15178;;
2351.52;-6667;-2642;-15974;-2916;14968;;
2360.04;-6754;-2891;-16001;-2679;15033;;
2368.56;-6726;-2872;-15960;-2927;14950;;
2377.08;-6704;-2885;-16006;-2881;15212;;
2385.60;-6750;-2982;-16007;-2855;15201;;
2394.12;-6749;-2864;-16085;-3004;15047;;
2402.64;-6971;-3122;-16027;-2698;15237;;
2411.16;-6764;-2706;-15992;-2986;14845;;
2419.68;-6926;-3013;-16446;-2958;15272;;
2428.20;-6700;-2949;-16183;-2794;14899;;
2436.72;-6947;-3058;-16269;-2963;15050;;
2445.24;-6707;-3132;-16293;-2965;15071;;
2453.76;-6972;-3125;-16250;-2993;15023;;
2462.28;-6919;-3031;-16366;-3010;15147;;
2470.80;-6858;-2998;-16286;-2964;14917;;
2479.32;-7034;-3145;-16644;-3229;15198;;
2487.84;-6693;-3029;-16421;-2767;15129;;
2496.36;-7020;-3315;-16567;-3089;14700;;
2504.88;-6882;-3090;-16444;-3037;15019;;
2513.40;-6859;-3364;-16595;-3100;14941;;
2521.92;-6943;-3145;-16485;-3203;14965;;
2530.44;-6944;-3235;-16735;-3140;15022;;
2538.96;-6980;-3285;-16738;-3165;14989;;
2547.48;-6894;-3189;-16645;-2986;15136;;
2556.00;-6907;-3447;-16825;-3176;14599;;
2564.52;-7122;-3164;-16484;-3073;15003;;
2573.04;-6658;-3329;-16833;-3304;14815;;
2581.56;-6966;-3537;-16631;-3120;15010;;
2590.08;-6923;-3352;-16734;-3355;14904;;
2598.60;-6950;-3402;-16787;-3103;15077;;
2607.12;-7056;-3403;-16775;-3187;14839;;
2615.64;-6934;-3417;-16864;-3263;14784;;
2624.16;-7063;-3439;-16736;-3169;14987;;
2632.68;-6788;-3324;-16871;-3443;14756;;
2641.20;-7033;-3800;-17021;-3126;15193;;
2649.72;-6934;-3483;-16691;-3390;14746;;
2658.24;-7118;-3590;-16977;-3462;15072;;
2666.76;-7040;-3557;-16984;-3382;14843;;
2675.28;-7193;-3581;-17015;-3400;14862;;
2683.80;-6957;-3598;-17144;-3402;14917;;
2692.32;-7017;-3625;-17022;-3473;14798;;
2700.84;-7114;-3812;-17281;-3419;15143;;
2709.36;-6994;-3641;-16885;-3347;14849;;
2717.88;-7297;-3815;-17202;-3812;14805;;
2726.40;-6978;-3547;-17155;-3526;15202;;
2734.92;-7249;-3822;-17286;-3600;14872;;
2743.44;-7182;-3596;-17327;-3591;14935;;
2751.96;-7175;-3864;-17372;-3570;14908;;
2760.48;-7200;-3803;-17230;-3618;14857;;
2769.00;-7167;-3777;-17262;-3611;15006;;
2777.52;-7271;-3920;-17417;-3877;14726;;
2786.04;-7149;-3624;-17314;-3661;15307;;
2794.56;-7153;-3923;-17629;-3836;14874;;
2803.08;-7571;-3881;-17366;-3619;14990;;
2811.60;-7283;-3732;-17689;-3838;14881;;
2820.12;-7343;-3900;-17509;-3622;14769;;
2828.64;-7344;-3903;-17586;-3908;14831;;
2837.16;-7296;-3934;-17636;-3872;14954;;
2845.68;-7368;-3915;-17598;-3800;15090;;
2854.20;-7279;-3906;-17808;-3974;14859;;
2862.72;-7636;-4143;-17600;-3635;15038;;
2871.24;-7368;-3696;-17735;-3976;14671;;
2879.76;-7510;-4010;-18040;-3826;15008;;
2888.28;-7357;-3976;-17825;-3843;14684;;
2896.80;-7505;-4001;-17868;-3893;14964;;
2905.32;-7346;-4097;-17853;-3871;14931;;
2913.84;-7529;-3958;-17779;-3887;14846;;
2922.36;-7465;-3952;-17678;-3695;15041;;
2930.88;-7285;-3612;-17373;-3609;14714;;
2939.40;-7360;-3663;-17536;-3658;15136;;
2947.92;-6905;-3401;-16966;-3058;14941;;
2956.44;-7115;-3449;-16815;-3204;14719;;
2964.96;-6796;-3138;-16497;-3037;14977;;
2973.48;-6853;-3205;-16355;-2943;14924;;
2982.00;-6781;-2862;-16167;-2980;14965;;
2990.52;-6703;-2853;-16158;-2768;14968;;
2999.04;-6750;-2858;-16122;-2855;15030;;
3007.56;-6508;-2684;-15886;-2493;15198;;
3016.08;-6624;-2913;-15971;-2701;14606;;
3024.60;-6682;-2511;-15646;-2564;15011;;
3033.12;-6320;-2758;-15824;-2677;14890;;
3041.64;-6539;-2711;-15578;-2573;14994;;
3050.16;-6471;-2592;-15626;-2625;15000;;
3058.68;-6431;-2552;-15549;-2364;15026;;
3067.20;-6493;-2479;-15442;-2344;14993;;
3075.72;-6320;-2501;-15448;-2382;14748;;
3084.24;-6525;-2347;-15175;-2217;15058;;
3092.76;-6058;-2242;-15239;-2457;14829;;
3101.28;-6317;-2615;-15231;-2087;15227;;
3109.80;-6197;-2256;-14895;-2319;14867;;
3118.32;-6277;-2276;-15021;-2155;15227;;
3126.84;-6300;-2203;-14931;-2125;14922;;
3135.36;-6247;-2130;-14879;-2099;15005;;
3143.88;-6080;-2142;-14865;-2010;15107;;
3152.40;-6035;-2076;-14701;-2127;14880;;
3160.92;-6157;-2317;-14958;-1936;15375;;
3169.44;-6025;-2059;-14464;-1956;14965;;
3177.96;-6295;-2210;-14781;-2301;15101;;
3186.48;-6018;-1989;-14710;-2048;15278;;
3195.00;-6288;-2179;-14792;-2104;15081;;
3203.52;-6098;-2026;-14913;-2123;15133;;
3212.04;-6162;-2300;-14854;-2097;15035;;
3220.56;-6237;-2278;-14921;-2197;15142;;
3229.08;-6153;-2223;-14807;-2094;15168;;
3237.60;-6374;-2417;-15016;-2502;14923;;
3246.12;-6138;-2090;-14959;-2229;15500;;
3254.64;-6275;-2420;-15161;-2368;15080;;
3263.16;-6495;-2212;-15021;-2226;15169;;
3271.68;-6296;-2305;-15168;-2321;15121;;
3280.20;-6321;-2315;-14973;-2207;14977;;
3288.72;-6318;-2287;-15041;-2377;15165;;
3297.24;-6293;-2365;-15098;-2391;15060;;
3305.76;-6314;-2208;-15018;-2260;15392;;
3314.28;-6178;-2302;-15239;-2429;15078;;
3322.80;-6620;-2442;-14986;-2110;15233;;
3331.32;-6319;-2057;-15151;-2424;14951;;
3339.84;-6417;-2337;-15318;-2207;15137;;
3348.36;-6358;-2311;-15194;-2394;14939;;
3356.88;-6384;-2341;-15219;-2362;15243;;
3365.40;-6371;-2455;-15241;-2350;15186;;
3373.92;-6436;-2313;-15257;-2464;15082;;
3382.44;-6574;-2545;-15323;-2255;15246;;
3390.96;-6402;-2187;-15169;-2443;14850;;
3399.48;-6588;-2464;-15684;-2507;15345;;
3408.00;-6290;-2410;-15389;-2246;14970;;
3416.52;-6576;-2547;-15493;-2472;14981;;
3425.04;-6350;-2550;-15519;-2467;15065;;
3433.56;-6602;-2615;-15451;-2483;15031;;
3442.08;-6541;-2448;-15606;-2560;15108;;
3450.60;-6506;-2479;-15527;-2455;14957;;
3459.12;-6649;-2602;-15809;-2725;15160;;
3467.64;-6351;-2500;-15615;-2285;15202;;
3476.16;-6627;-2810;-15778;-2602;14638;;
3484.68;-6595;-2513;-15606;-2524;15039;;
3493.20;-6404;-2799;-15803;-2633;14913;;
3501.72;-6571;-2662;-15680;-2710;14996;;
3510.24;-6571;-2694;-15857;-2665;15035;;
3518.76;-6581;-2743;-15843;-2578;15037;;
3527.28;-6579;-2665;-15781;-2532;15105;;
3535.80;-6530;-2844;-15954;-2683;14679;;
3544.32;-6786;-2657;-15670;-2581;15026;;
3552.84;-6307;-2737;-15960;-2842;14827;;
3561.36;-6638;-3059;-15891;-2618;15093;;
3569.88;-6558;-2836;-15856;-2877;14882;;
3578.40;-6632;-2909;-15954;-2662;15121;;
3586.92;-6727;-2914;-15945;-2739;14793;;
3595.44;-6644;-2889;-16025;-2797;14835;;
3603.96;-6678;-2962;-15996;-2729;14963;;
3612.48;-6518;-2840;-16042;-2974;14748;;
3621.00;-6707;-3298;-16293;-2722;15237;;
3629.52;-6611;-2980;-15858;-2898;14762;;
3638.04;-6844;-3126;-16206;-3092;15060;;
3646.56;-6666;-3029;-16176;-2943;14975;;
3655.08;-6899;-3101;-16227;-2956;14934;;
3663.60;-6642;-3055;-16360;-2977;14964;;
3672.12;-6741;-3205;-16253;-3007;14874;;
3680.64;-6799;-3261;-16411;-3016;15088;;
3689.16;-6710;-3139;-16139;-2910;14950;;
3697.68;-6963;-3323;-16411;-3373;14792;;
3706.20;-6650;-3020;-16317;-3070;15302;;
3714.72;-6897;-3358;-16539;-3165;14945;;
3723.24;-6970;-3106;-16460;-3129;15002;;
3731.76;-6868;-3314;-16634;-3162;14987;;
3740.28;-6878;-3301;-16423;-3166;14855;;
3748.80;-6883;-3287;-16503;-3208;15070;;
3757.32;-6956;-3405;-16619;-3377;14850;;
3765.84;-6894;-3171;-16538;-3208;15332;;
3774.36;-6834;-3396;-16846;-3375;14941;;
3782.88;-7279;-3431;-16561;-3110;15089;;
3791.40;-6983;-3188;-16873;-3390;14905;;
3799.92;-7050;-3400;-16818;-3165;14907;;
3808.44;-7050;-3389;-16825;-3447;14887;;
3816.96;-7021;-3424;-16871;-3382;15100;;
3825.48;-7061;-3466;-16837;-3344;15099;;
3834.00;-7038;-3376;-16980;-3497;14916;;
3842.52;-7294;-3664;-16864;-3190;15096;;
3851.04;-7071;-3207;-16895;-3490;14701;;
3859.56;-7225;-3529;-17308;-3418;15123;;
3868.08;-7004;-3461;-17048;-3320;14750;;
3876.60;-7220;-3560;-17141;-3454;14954;;
3885.12;-7012;-3639;-17170;-3438;14944;;
3893.64;-7279;-3616;-17135;-3490;14862;;
3902.16;-7226;-3543;-17209;-3479;14984;;
3910.68;-7156;-3460;-17143;-3455;14765;;
3919.20;-7338;-3643;-17548;-3711;15070;;
3927.72;-6990;-3535;-17271;-3240;14956;;
3936.24;-7311;-3796;-17427;-3567;14565;;
3944.76;-7143;-3574;-17301;-3507;14869;;
3953.28;-7179;-3837;-17478;-3566;14812;;
3961.80;-7226;-3605;-17345;-3670;14837;;
3970.32;-7225;-3696;-17576;-3579;14869;;
3978.84;-7273;-3777;-17583;-3659;14836;;
3987.36;-7175;-3686;-17493;-3452;15004;;
3995.88;-7213;-3931;-17698;-3672;14416;;
4004.40;-7427;-3671;-17381;-3571;14825;;
4012.92;-6981;-3853;-17722;-3808;14664;;
4021.44;-7294;-3998;-17494;-3660;14863;;
4029.96;-7245;-3854;-17675;-3859;14755;;
4038.48;-7282;-3896;-17690;-3596;14892;;
4047.00;-7392;-3915;-17675;-3694;14680;;
4055.52;-7262;-3920;-17801;-3783;14600;;
4064.04;-7419;-3929;-17616;-3685;14810;;
4072.56;-7112;-3825;-17776;-3957;14589;;
4081.08;-7353;-4296;-17899;-3632;15038;;
4089.60;-7282;-4005;-17604;-3917;14591;;
4098.12;-7436;-4085;-17839;-3896;14986;;
4106.64;-7350;-4007;-17787;-3817;14701;;
4115.16;-7444;-3970;-17692;-3768;14759;;
4123.68;-7140;-3861;-17610;-3634;14868;;
4132.20;-7106;-3738;-17230;-3571;14728;;
4140.72;-7099;-3769;-17225;-3328;15116;;
4149.24;-6884;-3392;-16533;-3105;14864;;
4157.76;-7056;-3411;-16589;-3413;14853;;
4166.28;-6660;-3010;-16293;-3007;15215;;
4174.80;-6863;-3178;-16247;-2978;14957;;
4183.32;-6689;-2828;-16175;-2873;15047;;
4191.84;-6654;-3022;-16048;-2787;15019;;
4200.36;-6631;-2905;-15863;-2781;14989;;
4208.88;-6550;-2800;-15723;-2662;15179;;
4217.40;-6664;-2902;-15790;-2925;14858;;
4225.92;-6467;-2524;-15622;-2643;15466;;
4234.44;-6458;-2777;-15796;-2750;15059;;
4242.96;-6796;-2636;-15533;-2490;15187;;
4251.48;-6493;-2506;-15648;-2632;15069;;
4260.00;-6505;-2563;-15449;-2374;15007;;
4268.52;-6475;-2482;-15387;-2598;15107;;
4277.04;-6395;-2482;-15359;-2492;15195;;
4285.56;-6432;-2360;-15246;-2357;15400;;
4294.08;-6271;-2292;-15296;-2477;15147;;
4302.60;-6639;-2506;-15062;-2088;15331;;
4311.12;-6315;-1969;-15034;-2378;15009;;
4319.64;-6418;-2229;-15242;-2121;15337;;
4328.16;-6247;-2131;-14984;-2171;15020;;
4336.68;-6348;-2139;-14974;-2156;15367;;
4345.20;-6183;-2205;-14943;-2117;15274;;
4353.72;-6351;-2071;-14879;-2145;15195;;
4362.24;-6367;-2169;-14917;-2022;15348;;
4370.76;-6240;-1888;-14763;-2089;15046;;
4379.28;-6417;-2127;-15239;-2271;15477;;
4387.80;-6082;-2031;-14950;-1858;15193;;
4396.32;-6425;-2258;-15084;-2165;15037;;
4404.84;-6182;-2146;-15059;-2139;15217;;
4413.36;-6379;-2347;-15099;-2189;15181;;
4421.88;-6362;-2111;-15152;-2312;15206;;
4430.40;-6343;-2204;-15197;-2156;15192;;
4438.92;-6458;-2300;-15368;-2378;15239;;
4447.44;-6237;-2186;-15209;-2017;15392;;
4455.96;-6399;-2461;-15383;-2276;14801;;
4464.48;-6474;-2123;-15113;-2184;15197;;
4473.00;-6147;-2391;-15320;-2315;15054;;
4481.52;-6364;-2329;-15096;-2263;15162;;
4490.04;-6324;-2302;-15270;-2335;15158;;
4498.56;-6320;-2303;-15271;-2117;15172;;
4507.08;-6387;-2285;-15200;-2156;15152;;
4515.60;-6249;-2365;-15328;-2255;14842;;
4524.12;-6520;-2250;-15094;-2142;15156;;
4532.64;-6052;-2236;-15267;-2419;14924;;
4541.16;-6370;-2657;-15347;-2125;15291;;
4549.68;-6300;-2371;-15112;-2433;14940;;
4558.20;-6392;-2434;-15318;-2276;15292;;
4566.72;-6457;-2435;-15316;-2329;14968;;
4575.24;-6441;-2415;-15334;-2368;15032;;
4583.76;-6346;-2494;-15420;-2331;15133;;
4592.28;-6300;-2390;-15291;-2483;14913;;
4600.80;-6461;-2773;-15692;-2301;15404;;
4609.32;-6355;-2508;-15170;-2375;14967;;
4617.84;-6619;-2670;-15504;-2702;15147;;
4626.36;-6366;-2487;-15473;-2480;15249;;
4634.88;-6650;-2683;-15533;-2547;15108;;
4643.40;-6394;-2506;-15684;-2542;15144;;
4651.92;-6494;-2756;-15571;-2517;15080;;
4660.44;-6540;-2753;-15692;-2590;15222;;
4668.96;-6459;-2667;-15469;-2460;15229;;
4677.48;-6679;-2844;-15696;-2897;14936;;
4686.00;-6437;-2507;-15631;-2610;15547;;
4694.52;-6594;-2861;-15851;-2749;15122;;
4703.04;-6778;-2634;-15728;-2625;15232;;
4711.56;-6615;-2772;-15915;-2732;15169;;
4720.08;-6652;-2784;-15744;-2641;15037;;
4728.60;-6663;-2781;-15790;-2805;15224;;
4737.12;-6637;-2845;-15874;-2850;15092;;
4745.64;-6666;-2724;-15794;-2710;15470;;
4754.16;-6515;-2796;-16027;-2877;15142;;
4762.68;-6988;-2947;-15774;-2566;15304;;
4771.20;-6669;-2594;-15987;-2904;15049;;
4779.72;-6763;-2854;-16075;-2620;15227;;
4788.24;-6708;-2835;-15976;-2857;14995;;
4796.76;-6739;-2865;-16023;-2828;15320;;
4805.28;-6728;-2982;-16033;-2811;15264;;
4813.80;-6785;-2820;-16095;-2920;15135;;
4822.32;-6944;-3085;-16124;-2710;15290;;
4830.84;-6762;-2683;-16009;-2925;14926;;
4839.36;-6950;-2990;-16517;-2974;15371;;
4847.88;-6661;-2924;-16239;-2732;15028;;
4856.40;-6953;-3068;-16336;-2959;15077;;
4864.92;-6697;-3088;-16348;-2946;15109;;
4873.44;-6977;-3151;-16364;-2982;15065;;
4881.96;-6913;-2985;-16442;-3053;15100;;
4890.48;-6882;-2996;-16422;-2925;15015;;
4899.00;-7010;-3141;-16696;-3245;15186;;
4907.52;-6716;-3043;-16493;-2773;15212;;
4916.04;-6993;-3327;-16702;-3099;14670;;
4924.56;-6943;-3053;-16473;-3041;15046;;
4933.08;-6817;-3342;-16718;-3136;14950;;
4941.60;-6957;-3193;-16527;-3202;15008;;
4950.12;-6941;-3228;-16810;-3190;15054;;
4958.64;-6963;-3284;-16780;-3104;14997;;
4967.16;-6968;-3252;-16722;-3038;15113;;
4975.68;-6922;-3401;-16941;-3209;14648;;
4984.20;-7203;-3232;-16612;-3108;15003;;
4992.72;-6695;-3311;-16969;-3386;14815;;
5001.24;-7026;-3598;-16824;-3155;15066;;
5009.76;-6964;-3408;-16858;-3437;14825;;
5018.28;-7020;-3456;-16940;-3175;15091;;
5026.80;-7132;-3455;-16978;-3280;14822;;
5035.32;-7025;-3435;-17050;-3350;14802;;
5043.84;-7098;-3523;-16969;-3273;14970;;
5052.36;-6886;-3380;-17025;-3515;14730;;
5060.88;-7108;-3827;-17269;-3250;15221;;
5069.40;-7011;-3541;-16828;-3429;14763;;
5077.92;-7223;-3663;-17132;-3575;15089;;
5086.44;-7041;-3564;-17099;-3435;14948;;
5094.96;-7268;-3632;-17158;-3468;14925;;
5103.48;-6992;-3569;-17294;-3476;14969;;
5112.00;-7089;-3719;-17162;-3467;14857;;
5120.52;-7149;-3790;-17326;-3498;15108;;
5129.04;-7053;-3653;-17028;-3370;14971;;
5137.56;-7323;-3828;-17300;-3836;14822;;
5146.08;-6985;-3524;-17249;-3541;15312;;
5154.60;-7263;-3887;-17430;-3651;14939;;
5163.12;-7278;-3605;-17367;-3596;15013;;
5171.64;-7229;-3842;-17540;-3624;14989;;
5180.16;-7253;-3816;-17316;-3641;14858;;
5188.68;-7245;-3792;-17412;-3683;15092;;
5197.20;-7315;-3910;-17543;-3887;14807;;
5205.72;-7231;-3680;-17442;-3688;15319;;
5214.24;-7172;-3898;-17762;-3854;14917;;
5222.76;-7628;-3926;-17446;-3606;15061;;
5231.28;-7343;-3721;-17770;-3898;14884;;
5239.80;-7401;-3908;-17657;-3641;14851;;
5248.32;-7398;-3902;-17712;-3928;14859;;
5256.84;-7372;-3925;-17747;-3869;15036;;
5265.36;-7418;-3981;-17740;-3815;15105;;
5273.88;-7366;-3875;-17901;-3981;14910;;
5282.40;-7658;-4200;-17761;-3665;15099;;
5290.92;-7433;-3701;-17796;-3959;14734;;
5299.44;-7584;-4023;-18152;-3863;15146;;
5307.96;-7360;-3930;-17882;-3764;14764;;
5316.48;-7531;-3954;-17833;-3812;15043;;
5325.00;-7272;-3942;-17696;-3701;15017;;
5333.52;-7446;-3747;-17419;-3609;14962;;
5342.04;-7277;-3582;-17234;-3398;15106;;
5350.56;-7093;-3253;-16855;-3222;14883;;
5359.08;-7166;-3287;-17015;-3353;15212;;
5367.60;-6736;-3027;-16523;-2754;15129;;
5376.12;-6988;-3192;-16493;-2975;14795;;
5384.64;-6719;-2855;-16209;-2850;15092;;
5393.16;-6751;-3058;-16222;-2827;15030;;
5401.68;-6736;-2729;-16046;-2872;15065;;
5410.20;-6696;-2773;-16133;-2703;15099;;
5418.72;-6723;-2795;-16087;-2794;15100;;
5427.24;-6582;-2654;-15888;-2483;15295;;
5435.76;-6618;-2873;-16012;-2664;14693;;
5444.28;-6770;-2512;-15672;-2524;15120;;
5452.80;-6316;-2695;-15870;-2685;14987;;
5461.32;-6566;-2730;-15654;-2514;15151;;
5469.84;-6503;-2576;-15669;-2641;15080;;
5478.36;-6491;-2544;-15630;-2326;15208;;
5486.88;-6582;-2494;-15523;-2373;15079;;
5495.40;-6378;-2470;-15535;-2405;14939;;
5503.92;-6563;-2417;-15315;-2260;15181;;
5512.44;-6168;-2261;-15337;-2497;14935;;
5520.96;-6394;-2675;-15444;-2115;15381;;
5529.48;-6289;-2331;-15049;-2379;14953;;
5538.00;-6399;-2383;-15257;-2294;15349;;
5546.52;-6368;-2318;-15202;-2249;15048;;
5555.04;-6428;-2282;-15185;-2240;15097;;
5563.56;-6210;-2305;-15260;-2225;15188;;
5572.08;-6229;-2280;-15082;-2305;15014;;
5580.60;-6356;-2540;-15446;-2196;15430;;
5589.12;-6243;-2338;-14977;-2188;15073;;
5597.64;-6536;-2520;-15330;-2628;15119;;
5606.16;-6247;-2306;-15287;-2361;15411;;
5614.68;-6565;-2584;-15386;-2444;15145;;
5623.20;-6412;-2348;-15565;-2446;15185;;
5631.72;-6454;-2634;-15459;-2407;15172;;
5640.24;-6489;-2584;-15477;-2497;15151;;
5648.76;-6411;-2514;-15368;-2391;15287;;
5657.28;-6578;-2678;-15516;-2721;14973;;
5665.80;-6384;-2315;-15426;-2460;15586;;
5674.32;-6416;-2638;-15621;-2595;15160;;
5682.84;-6732;-2496;-15440;-2414;15279;;
5691.36;-6496;-2473;-15618;-2576;15174;;
5699.88;-6537;-2545;-15498;-2396;15064;;
5708.40;-6533;-2525;-15511;-2637;15194;;
5716.92;-6484;-2601;-15574;-2614;15188;;
5725.44;-6570;-2509;-15524;-2520;15445;;
5733.96;-6418;-2513;-15692;-2707;15145;;
5742.48;-6840;-2765;-15543;-2357;15341;;
5751.00;-6555;-2324;-15631;-2718;15007;;
5759.52;-6698;-2634;-15876;-2477;15293;;
5768.04;-6558;-2589;-15708;-2636;14978;;
5776.56;-6632;-2647;-15768;-2642;15331;;
5785.08;-6569;-2794;-15782;-2639;15244;;
5793.60;-6727;-2647;-15784;-2740;15132;;
5802.12;-6794;-2798;-15897;-2583;15307;;
5810.64;-6661;-2506;-15723;-2704;14951;;
5819.16;-6832;-2760;-16219;-2828;15435;;
5827.68;-6507;-2674;-15928;-2475;15101;;
5836.20;-6869;-2870;-16044;-2749;15013;;
5844.72;-6585;-2798;-16025;-2725;15154;;
5853.24;-6802;-2942;-16008;-2730;15116;;
5861.76;-6771;-2695;-16092;-2870;15169;;
5870.28;-6742;-2785;-16102;-2693;15121;;
5878.80;-6859;-2892;-16285;-2955;15195;;
5887.32;-6615;-2788;-16118;-2557;15338;;
5895.84;-6832;-3074;-16291;-2849;14738;;
5904.36;-6853;-2758;-16057;-2773;15150;;
5912.88;-6619;-3057;-16344;-2915;15037;;
5921.40;-6812;-2981;-16143;-2951;15104;;
5929.92;-6807;-2990;-16423;-2973;15162;;
5938.44;-6828;-3029;-16366;-2823;15113;;
5946.96;-6880;-2996;-16339;-2836;15152;;
5955.48;-6759;-3122;-16522;-2964;14812;;
5964.00;-7056;-2999;-16238;-2863;15122;;
5972.52;-6600;-3001;-16551;-3171;14915;;
5981.04;-6905;-3409;-16492;-2883;15258;;
5989.56;-6842;-3158;-16393;-3174;14921;;
5998.08;-6929;-3211;-16556;-3011;15259;;
6006.60;-7018;-3218;-16558;-3066;14905;;
6015.12;-6956;-3173;-16616;-3107;14959;;
6023.64;-6919;-3268;-16649;-3049;15104;;
6032.16;-6810;-3151;-16605;-3234;14840;;
6040.68;-6974;-3543;-16878;-3021;15341;;
6049.20;-6848;-3284;-16422;-3109;14897;;
6057.72;-7128;-3426;-16744;-3390;15126;;
6066.24;-6893;-3268;-16716;-3198;15139;;
6074.76;-7162;-3444;-16791;-3236;15048;;
6083.28;-6908;-3263;-16914;-3260;15084;;
6091.80;-6995;-3499;-16836;-3220;15004;;
6100.32;-7071;-3524;-16943;-3310;15166;;
6108.84;-6972;-3426;-16714;-3181;15133;;
6117.36;-7223;-3620;-16974;-3633;14908;;
6125.88;-6939;-3281;-16893;-3343;15481;;
6134.40;-7118;-3642;-17133;-3468;15052;;
6142.92;-7265;-3404;-16981;-3371;15143;;
6151.44;-7136;-3593;-17234;-3423;15078;;
6159.96;-7167;-3581;-16994;-3396;14930;;
6168.48;-7174;-3587;-17108;-3524;15168;;
6177.00;-7177;-3673;-17201;-3609;14978;;
6185.52;-7193;-3496;-17110;-3480;15400;;
6194.04;-7071;-3631;-17421;-3673;15039;;
6202.56;-7521;-3750;-17088;-3357;15184;;
6211.08;-7232;-3439;-17417;-3701;14960;;
6219.60;-7327;-3680;-17389;-3421;15051;;
6228.12;-7272;-3675;-17379;-3683;14922;;
6236.64;-7270;-3676;-17410;-3651;15222;;
6245.16;-7292;-3801;-17439;-3607;15174;;
6253.68;-7306;-3661;-17520;-3739;15041;;
6262.20;-7516;-3926;-17416;-3460;15195;;
6270.72;-7309;-3467;-17366;-3695;14821;;
6279.24;-7437;-3761;-17820;-3677;15304;;
6287.76;-7182;-3678;-17513;-3467;14923;;
6296.28;-7451;-3803;-17621;-3642;15057;;
6304.80;-7175;-3867;-17588;-3634;15089;;
6313.32;-7458;-3865;-17550;-3637;15051;;
6321.84;-7407;-3726;-17639;-3693;15143;;
6330.36;-7336;-3711;-17584;-3593;14974;;
6338.88;-7503;-3864;-17930;-3891;15220;;
6347.40;-7169;-3748;-17712;-3430;15212;;
6355.92;-7498;-4025;-17901;-3748;14711;;
6364.44;-7378;-3774;-17694;-3686;15045;;
6372.96;-7328;-4073;-17920;-3783;14982;;
6381.48;-7450;-3876;-17728;-3884;14998;;
6390.00;-7430;-3946;-18044;-3824;15080;;
6398.52;-7480;-3994;-18023;-3833;14996;;
6407.04;-7444;-3929;-17972;-3691;15158;;
6415.56;-7418;-4147;-18151;-3881;14617;;
6424.08;-7680;-3916;-17828;-3768;15010;;
6432.60;-7216;-4048;-18218;-4037;14806;;
6441.12;-7524;-4296;-18000;-3821;15034;;
6449.64;-7484;-4118;-18136;-4087;14857;;
6458.16;-7512;-4173;-18165;-3837;15072;;
6466.68;-7628;-4163;-18173;-3926;14787;;
6475.20;-7501;-4149;-18267;-4006;14768;;
6483.72;-7631;-4207;-18166;-3912;14948;;
6492.24;-7343;-4062;-18255;-4174;14719;;
6500.76;-7571;-4488;-18381;-3816;15211;;
6509.28;-7428;-4131;-17884;-3977;14736;;
6517.80;-7575;-4145;-17994;-3961;15111;;
6526.32;-7355;-3921;-17732;-3706;14900;;
6534.84;-7425;-3785;-17498;-3584;14949;;
6543.36;-7063;-3580;-17349;-3439;15025;;
6551.88;-7014;-3528;-16924;-3307;14883;;
6560.40;-7016;-3516;-16963;-3193;15211;;
6568.92;-6829;-3236;-16434;-2988;14990;;
6577.44;-7058;-3339;-16570;-3366;14933;;
6585.96;-6674;-2960;-16389;-3021;15376;;
6594.48;-6920;-3212;-16458;-3038;15041;;
6603.00;-6821;-2884;-16381;-2985;15110;;
6611.52;-6779;-3131;-16396;-2908;15072;;
6620.04;-6773;-3035;-16150;-2927;14986;;
6628.56;-6738;-2956;-16106;-2872;15213;;
6637.08;-6789;-3051;-16153;-3080;14932;;
6645.60;-6650;-2726;-15996;-2823;15508;;
6654.12;-6600;-2935;-16208;-2943;15074;;
6662.64;-6961;-2853;-15869;-2647;15214;;
6671.16;-6656;-2640;-16059;-2865;15056;;
6679.68;-6677;-2746;-15871;-2556;14989;;
6688.20;-6642;-2688;-15794;-2795;15080;;
6696.72;-6534;-2668;-15775;-2700;15244;;
6705.24;-6604;-2649;-15681;-2591;15332;;
6713.76;-6469;-2547;-15756;-2723;15137;;
6722.28;-6794;-2771;-15586;-2349;15300;;
6730.80;-6534;-2264;-15559;-2671;14948;;
6739.32;-6647;-2576;-15880;-2498;15339;;
6747.84;-6464;-2507;-15628;-2493;14980;;
6756.36;-6631;-2578;-15706;-2568;15265;;
6764.88;-6462;-2699;-15732;-2587;15215;;
6773.40;-6710;-2599;-15653;-2643;15138;;
6781.92;-6709;-2662;-15869;-2581;15302;;
6790.44;-6626;-2492;-15667;-2614;14997;;
6798.96;-6806;-2703;-16190;-2850;15384;;
6807.48;-6458;-2616;-15883;-2408;15177;;
6816.00;-6821;-2873;-16020;-2713;14919;;
6824.52;-6582;-2679;-15933;-2666;15161;;
6833.04;-6719;-2907;-15933;-2707;15124;;
6841.56;-6707;-2634;-15950;-2820;15166;;
6850.08;-6672;-2696;-16023;-2647;15175;;
6858.60;-6752;-2770;-16093;-2807;15188;;
6867.12;-6573;-2644;-15944;-2490;15351;;
6875.64;-6686;-2918;-16105;-2720;14754;;
6884.16;-6810;-2568;-15845;-2624;15169;;
6892.68;-6459;-2854;-16138;-2807;15037;;
6901.20;-6704;-2876;-15938;-2734;15146;;
6909.72;-6668;-2807;-16126;-2870;15151;;
6918.24;-6679;-2825;-16086;-2640;15145;;
6926.76;-6804;-2837;-16083;-2694;15087;;
6935.28;-6639;-2887;-16202;-2806;14859;;
6943.80;-6899;-2830;-16012;-2708;15123;;
6952.32;-6475;-2768;-16200;-2996;14889;;
6960.84;-6768;-3233;-16273;-2677;15313;;
6969.36;-6680;-2944;-16035;-2988;14920;;
6977.88;-6819;-3019;-16242;-2860;15280;;
6986.40;-6865;-3006;-16261;-2888;14945;;
6994.92;-6867;-2978;-16289;-2928;15011;;
7003.44;-6710;-3046;-16356;-2904;15111;;
7011.96;-6703;-3008;-16262;-3014;14910;;
7020.48;-6846;-3295;-16590;-2869;15356;;
7029.00;-6738;-3080;-16116;-2913;14945;;
7037.52;-7019;-3242;-16449;-3268;15068;;
7046.04;-6733;-3032;-16417;-3030;15283;;
7054.56;-7016;-3226;-16510;-3082;15072;;
7063.08;-6818;-3042;-16617;-3094;15112;;
7071.60;-6876;-3310;-16574;-3036;15066;;
7080.12;-6925;-3280;-16561;-3147;15101;;
7088.64;-6845;-3196;-16455;-3004;15167;;
7097.16;-7049;-3378;-16631;-3432;14877;;
7105.68;-6806;-3053;-16544;-3152;15499;;
7114.20;-6919;-3400;-16822;-3294;15053;;
7122.72;-7170;-3205;-16612;-3150;15135;;
7131.24;-6978;-3291;-16903;-3279;15058;;
7139.76;-7015;-3326;-16660;-3148;14929;;
7148.28;-7018;-3330;-16765;-3347;15130;;
7156.80;-7000;-3410;-16841;-3383;15042;;
7165.32;-7047;-3276;-16747;-3268;15353;;
7173.84;-6897;-3365;-17031;-3449;15031;;
7182.36;-7345;-3543;-16742;-3120;15177;;
7190.88;-7053;-3145;-16993;-3474;14899;;
7199.40;-7160;-3425;-17111;-3233;15092;;
7207.92;-7069;-3403;-17021;-3432;14864;;
7216.44;-7109;-3438;-17065;-3412;15202;;
7224.96;-7102;-3585;-17082;-3393;15112;;
7233.48;-7185;-3406;-17131;-3508;15002;;
7242.00;-7309;-3631;-17139;-3292;15192;;
7250.52;-7143;-3287;-17030;-3482;14800;;
7259.04;-7323;-3555;-17514;-3553;15287;;
7267.56;-7012;-3487;-17262;-3288;14926;;
7276.08;-7328;-3639;-17354;-3506;14914;;
7284.60;-7058;-3635;-17328;-3497;14997;;
7293.12;-7347;-3712;-17335;-3531;14967;;
7301.64;-7273;-3523;-17396;-3613;15034;;
7310.16;-7223;-3551;-17418;-3466;14923;;
7318.68;-7361;-3673;-17659;-3744;15096;;
7327.20;-7070;-3566;-17474;-3302;15126;;
7335.72;-7330;-3875;-17650;-3614;14575;;
7344.24;-7287;-3563;-17425;-3552;14958;;
7352.76;-7134;-3861;-17696;-3658;14880;;
7361.28;-7298;-3715;-17459;-3739;14930;;
7369.80;-7288;-3770;-17765;-3703;15013;;
7378.32;-7304;-3796;-17718;-3619;14945;;
7386.84;-7327;-3768;-17666;-3563;15045;;
7395.36;-7263;-3930;-17852;-3720;14595;;
7403.88;-7541;-3735;-17548;-3627;14946;;
7412.40;-7050;-3813;-17908;-3900;14751;;
7420.92;-7366;-4124;-17758;-3649;15032;;
7429.44;-7306;-3912;-17785;-3941;14782;;
7437.96;-7379;-3955;-17878;-3693;15054;;
7446.48;-7480;-3981;-17894;-3767;14749;;
7455.00;-7380;-3933;-17960;-3842;14749;;
7463.52;-7427;-4003;-17902;-3741;14900;;
7472.04;-7235;-3864;-17935;-3996;14689;;
7480.56;-7430;-4320;-18168;-3730;15189;;
7489.08;-7343;-4031;-17747;-3891;14691;;
7497.60;-7569;-4166;-18053;-4068;15020;;
7506.12;-7379;-4055;-18020;-3919;14888;;
7514.64;-7605;-4107;-18076;-3949;14877;;
7523.16;-7363;-4058;-18223;-3952;14922;;
7531.68;-7426;-4215;-18102;-3954;14824;;
7540.20;-7509;-4273;-18235;-3988;15032;;
7548.72;-7391;-4157;-17971;-3869;14899;;
7557.24;-7685;-4327;-18223;-4324;14762;;
7565.76;-7340;-4023;-18167;-4034;15239;;
7574.28;-7606;-4380;-18378;-4119;14881;;
7582.80;-7638;-4088;-18294;-4083;14960;;
7591.32;-7577;-4340;-18469;-4088;14927;;
7599.84;-7593;-4313;-18216;-4110;14775;;
7608.36;-7579;-4277;-18318;-4145;15031;;
7616.88;-7631;-4405;-18419;-4332;14800;;
7625.40;-7566;-4170;-18327;-4141;15281;;
7633.92;-7488;-4363;-18642;-4300;14901;;
7642.44;-7934;-4386;-18315;-4040;15042;;
7650.96;-7649;-4196;-18640;-4323;14856;;
7659.48;-7710;-4374;-18544;-4071;14828;;
7668.00;-7691;-4364;-18559;-4351;14811;;
7676.52;-7643;-4391;-18594;-4291;15033;;
7685.04;-7702;-4440;-18589;-4250;15085;;
7693.56;-7657;-4325;-18705;-4389;14907;;
7702.08;-7927;-4606;-18540;-4044;15084;;
7710.60;-7692;-4092;-18550;-4330;14718;;
7719.12;-7790;-4333;-18765;-4141;15137;;
7727.64;-7502;-4142;-18297;-3932;14780;;
7736.16;-7584;-4056;-18081;-3881;15026;;
7744.68;-7268;-3981;-17802;-3709;15028;;
7753.20;-7415;-3735;-17456;-3582;14988;;
7761.72;-7272;-3564;-17306;-3425;15113;;
7770.24;-7110;-3284;-17018;-3278;14894;;
7778.76;-7195;-3368;-17236;-3449;15242;;
7787.28;-6793;-3153;-16833;-2907;15132;;
7795.80;-7105;-3361;-16849;-3147;14789;;
7804.32;-6853;-3075;-16625;-3063;15067;;
7812.84;-6872;-3295;-16665;-3054;15018;;
7821.36;-6887;-2983;-16482;-3130;15064;;
7829.88;-6842;-3025;-16590;-2954;15115;;
7838.40;-6868;-3035;-16555;-3024;15075;;
7846.92;-6736;-2895;-16362;-2705;15247;;
7855.44;-6761;-3107;-16459;-2899;14691;;
7863.96;-6898;-2733;-16051;-2751;15085;;
7872.48;-6449;-2903;-16301;-2905;14959;;
7881.00;-6696;-2952;-16004;-2727;15118;;
7889.52;-6622;-2775;-16053;-2849;15078;;
7898.04;-6610;-2742;-15985;-2534;15162;;
7906.56;-6696;-2678;-15869;-2555;15057;;
7915.08;-6474;-2641;-15887;-2596;14883;;
7923.60;-6659;-2599;-15652;-2445;15129;;
7932.12;-6275;-2461;-15714;-2699;14897;;
7940.64;-6512;-2882;-15789;-2322;15371;;
7949.16;-6402;-2550;-15440;-2585;14909;;
7957.68;-6549;-2600;-15640;-2511;15291;;
7966.20;-6513;-2556;-15586;-2480;15011;;
7974.72;-6564;-2493;-15583;-2474;15059;;
7983.24;-6356;-2550;-15715;-2450;15147;;
7991.76;-6369;-2534;-15513;-2534;14979;;
8000.28;-6487;-2786;-15840;-2439;15396;;
8008.80;-6376;-2606;-15414;-2412;15043;;
8017.32;-6672;-2789;-15732;-2845;15102;;
8025.84;-6374;-2556;-15712;-2585;15358;;
8034.36;-6680;-2818;-15810;-2651;15143;;
8042.88;-6534;-2562;-15964;-2652;15176;;
8051.40;-6552;-2849;-15848;-2586;15148;;
8059.92;-6594;-2804;-15838;-2677;15132;;
8068.44;-6529;-2739;-15722;-2595;15243;;
8076.96;-6679;-2894;-15875;-2914;14957;;
8085.48;-6492;-2541;-15775;-2664;15587;;
8094.00;-6545;-2859;-16030;-2781;15144;;
8102.52;-6848;-2699;-15807;-2626;15238;;
8111.04;-6614;-2700;-16035;-2779;15143;;
8119.56;-6659;-2767;-15875;-2617;15019;;
8128.08;-6659;-2782;-15890;-2851;15167;;
8136.60;-6596;-2813;-15964;-2849;15141;;
8145.12;-6683;-2754;-15911;-2752;15420;;
8153.64;-6552;-2773;-16120;-2938;15122;;
8162.16;-6989;-2999;-15938;-2588;15286;;
8170.68;-6692;-2580;-16063;-2955;14947;;
8179.20;-6815;-2887;-16289;-2725;15235;;
8187.72;-6707;-2846;-16145;-2868;14944;;
8196.24;-6779;-2897;-16209;-2888;15275;;
8204.76;-6718;-3043;-16232;-2878;15208;;
8213.28;-6851;-2891;-16220;-2979;15106;;
8221.80;-6931;-3052;-16303;-2808;15264;;
8230.32;-6799;-2750;-16166;-2938;14897;;
8238.84;-6965;-3016;-16650;-3073;15404;;
8247.36;-6643;-2933;-16380;-2727;15063;;
8255.88;-7008;-3112;-16494;-2987;14995;;
8264.40;-6713;-3048;-16447;-2979;15120;;
8272.92;-6949;-3197;-16453;-2991;15093;;
8281.44;-6913;-2984;-16514;-3121;15126;;
8289.96;-6880;-3022;-16548;-2952;15085;;
8298.48;-7004;-3139;-16752;-3216;15202;;
8307.00;-6751;-3022;-16598;-2798;15268;;
8315.52;-6976;-3338;-16768;-3096;14694;;
8324.04;-6985;-3018;-16549;-3035;15099;;
8332.56;-6769;-3330;-16833;-3173;14985;;
8341.08;-6948;-3206;-16587;-3227;15038;;
8349.60;-6943;-3243;-16875;-3226;15114;;
8358.12;-6954;-3271;-16840;-3082;15047;;
8366.64;-7011;-3231;-16827;-3067;15123;;
8375.16;-6889;-3348;-17007;-3210;14714;;
8383.68;-7187;-3223;-16669;-3117;15055;;
8392.20;-6710;-3242;-17029;-3393;14837;;
8400.72;-7021;-3601;-16921;-3111;15179;;
8409.24;-6961;-3372;-16874;-3418;14895;;
8417.76;-7044;-3435;-17015;-3222;15155;;
8426.28;-7139;-3446;-17031;-3286;14846;;
8434.80;-7066;-3372;-17082;-3329;14878;;
8443.32;-7045;-3506;-17060;-3254;15005;;
8451.84;-6900;-3366;-17048;-3457;14790;;
8460.36;-7073;-3783;-17299;-3222;15295;;
8468.88;-6968;-3496;-16859;-3355;14801;;
8477.40;-7227;-3624;-17179;-3591;15086;;
8485.92;-7004;-3512;-17178;-3414;15055;;
8494.44;-7262;-3614;-17224;-3442;14977;;
8502.96;-7009;-3512;-17352;-3460;15017;;
8511.48;-7086;-3709;-17256;-3424;14935;;
8520.00;-7160;-3744;-17372;-3494;15117;;
8528.52;-7061;-3633;-17126;-3368;15012;;
8537.04;-7329;-3810;-17396;-3852;14838;;
8545.56;-6997;-3476;-17323;-3545;15363;;
8554.08;-7237;-3858;-17575;-3648;14971;;
8562.60;-7359;-3606;-17441;-3588;15040;;
8571.12;-7221;-3809;-17649;-3618;14994;;
8579.64;-7249;-3800;-17430;-3626;14817;;
8588.16;-7233;-3780;-17510;-3695;15097;;
8596.68;-7260;-3885;-17644;-3864;14843;;
8605.20;-7253;-3681;-17537;-3691;15330;;
8613.72;-7166;-3899;-17856;-3891;14956;;
8622.24;-7617;-3943;-17526;-3571;15077;;
8630.76;-7325;-3677;-17856;-3894;14854;;
8639.28;-7403;-3898;-17804;-3629;14896;;
8647.80;-7367;-3898;-17804;-3914;14853;;
8656.32;-7320;-3918;-17853;-3860;15081;;
8664.84;-7387;-4003;-17828;-3826;15113;;
8673.36;-7376;-3873;-17963;-3967;14930;;
8681.88;-7640;-4163;-17844;-3667;15125;;
8690.40;-7418;-3719;-17894;-3985;14702;;
8698.92;-7575;-4027;-18270;-3904;15178;;
8707.44;-7332;-3975;-18037;-3809;14780;;
8715.96;-7574;-4057;-18123;-3932;14995;;
8724.48;-7353;-4163;-18126;-3918;14984;;
8733.00;-7624;-4113;-18060;-3937;14929;;
8741.52;-7569;-4048;-18164;-3959;15033;;
8750.04;-7497;-3941;-18093;-3913;14819;;
8758.56;-7654;-4105;-18452;-4163;15127;;
8767.08;-7327;-3999;-18219;-3701;15024;;
8775.60;-7659;-4291;-18348;-4003;14636;;
8784.12;-7473;-4045;-18222;-3965;14951;;
8792.64;-7509;-4309;-18391;-4009;14881;;
8801.16;-7569;-4067;-18253;-4143;14906;;
8809.68;-7566;-4178;-18471;-4024;14984;;
8818.20;-7613;-4241;-18507;-4118;14922;;
8826.72;-7527;-4140;-18430;-3880;15101;;
8835.24;-7580;-4384;-18627;-4119;14512;;
8843.76;-7770;-4110;-18289;-4040;14912;;
8852.28;-7352;-4333;-18671;-4256;14758;;
8860.80;-7636;-4481;-18460;-4116;14912;;
8869.32;-7596;-4342;-18638;-4306;14855;;
8877.84;-7626;-4370;-18648;-4072;14937;;
8886.36;-7775;-4380;-18642;-4142;14813;;
8894.88;-7584;-4383;-18768;-4231;14654;;
8903.40;-7784;-4398;-18586;-4129;14891;;
8911.92;-7444;-4290;-18768;-4418;14634;;
8920.44;-7697;-4744;-18808;-4055;15114;;
8928.96;-7597;-4401;-18471;-4310;14626;;
8937.48;-7718;-4404;-18578;-4186;15057;;
8946.00;-7596;-4245;-18348;-4028;14801;;
8954.52;-7574;-4052;-18106;-3883;14854;;
8963.04;-7248;-3928;-17913;-3691;14948;;
8971.56;-7153;-3741;-17484;-3611;14803;;
8980.08;-7164;-3818;-17503;-3377;15231;;
8988.60;-6967;-3488;-16880;-3249;14894;;
8997.12;-7189;-3549;-17000;-3580;14952;;
9005.64;-6800;-3203;-16815;-3213;15257;;
9014.16;-7052;-3405;-16815;-3214;15003;;
9022.68;-6872;-3098;-16809;-3142;15059;;
9031.20;-6863;-3312;-16707;-3045;15031;;
9039.72;-6868;-3221;-16516;-3085;15011;;
9048.24;-6773;-3113;-16400;-2972;15172;;
9056.76;-6901;-3229;-16481;-3253;14876;;
9065.28;-6683;-2829;-16310;-2963;15474;;
9073.80;-6695;-3142;-16507;-3065;15066;;
9082.32;-6976;-2931;-16167;-2837;15167;;
9090.84;-6721;-2863;-16360;-2945;15084;;
9099.36;-6724;-2878;-16064;-2729;14968;;
9107.88;-6696;-2835;-16036;-2915;15137;;
9116.40;-6593;-2821;-16007;-2848;15123;;
9124.92;-6657;-2700;-15861;-2710;15366;;
9133.44;-6483;-2649;-15975;-2836;15105;;
9141.96;-6877;-2834;-15731;-2449;15285;;
9150.48;-6546;-2355;-15747;-2773;14952;;
9159.00;-6647;-2609;-15951;-2494;15267;;
9167.52;-6506;-2540;-15728;-2601;14958;;
9176.04;-6544;-2554;-15720;-2592;15284;;
9184.56;-6467;-2681;-15752;-2569;15212;;
9193.08;-6616;-2545;-15676;-2647;15118;;
9201.60;-6660;-2689;-15800;-2504;15269;;
9210.12;-6539;-2397;-15612;-2622;14917;;
9218.64;-6719;-2659;-16154;-2758;15402;;
9227.16;-6420;-2581;-15875;-2434;15067;;
9235.68;-6784;-2800;-15996;-2704;14956;;
9244.20;-6503;-2736;-15978;-2691;15120;;
9252.72;-6725;-2863;-15979;-2705;15090;;
9261.24;-6702;-2641;-16053;-2838;15135;;
9269.76;-6659;-2702;-16065;-2669;15077;;
9278.28;-6774;-2789;-16255;-2910;15171;;
9286.80;-6515;-2674;-16047;-2486;15291;;
9295.32;-6734;-2980;-16187;-2762;14696;;
9303.84;-6724;-2622;-15939;-2668;15099;;
9312.36;-6488;-2902;-16180;-2809;14998;;
9320.88;-6671;-2791;-15982;-2824;15081;;
9329.40;-6651;-2793;-16191;-2826;15148;;
9337.92;-6650;-2812;-16137;-2665;15119;;
9346.44;-6701;-2764;-16090;-2650;15146;;
9354.96;-6589;-2887;-16253;-2789;14779;;
9363.48;-6859;-2745;-15958;-2688;15110;;
9372.00;-6408;-2781;-16261;-2971;14912;;
9380.52;-6694;-3141;-16164;-2668;15255;;
9389.04;-6628;-2872;-16096;-2970;14966;;
9397.56;-6701;-2925;-16208;-2749;15247;;
9406.08;-6785;-2944;-16205;-2794;14953;;
9414.60;-6713;-2882;-16263;-2840;14987;;
9423.12;-6681;-2974;-16235;-2773;15117;;
9431.64;-6562;-2857;-16214;-2966;14891;;
9440.16;-6724;-3256;-16490;-2731;15373;;
9448.68;-6612;-2978;-16054;-2861;14912;;
9457.20;-6887;-3119;-16361;-3105;15179;;
9465.72;-6662;-2995;-16334;-2936;15143;;
9474.24;-6922;-3121;-16397;-2973;15089;;
9482.76;-6669;-3015;-16544;-2985;15119;;
9491.28;-6754;-3211;-16441;-2968;15032;;
9499.80;-6824;-3232;-16593;-3034;15195;;
9508.32;-6741;-3140;-16339;-2916;15117;;
9516.84;-7001;-3327;-16580;-3389;14917;;
9525.36;-6689;-2995;-16521;-3090;15464;;
9533.88;-6912;-3359;-16743;-3185;15061;;
9542.40;-7013;-3118;-16657;-3126;15131;;
9550.92;-6900;-3298;-16837;-3147;15083;;
9559.44;-6931;-3313;-16608;-3165;14913;;
9567.96;-6919;-3267;-16693;-3236;15192;;
9576.48;-6927;-3365;-16794;-3370;14972;;
9585.00;-6906;-3150;-16691;-3204;15426;;
9593.52;-6808;-3357;-16992;-3378;15060;;
9602.04;-7260;-3419;-16678;-3080;15190;;
9610.56;-6968;-3142;-16987;-3379;14981;;
9619.08;-7042;-3361;-16946;-3133;15018;;
9627.60;-7003;-3344;-16934;-3395;14956;;
9636.12;-6973;-3377;-16971;-3356;15210;;
9644.64;-7024;-3468;-16982;-3313;15212;;
9653.16;-7004;-3325;-17103;-3465;15058;;
9661.68;-7264;-3611;-16985;-3153;15218;;
9670.20;-7051;-3170;-17004;-3464;14816;;
9678.72;-7207;-3479;-17430;-3406;15279;;
9687.24;-6980;-3437;-17163;-3278;14864;;
9695.76;-7219;-3538;-17229;-3418;15077;;
9704.28;-6967;-3624;-17242;-3415;15079;;
9712.80;-7238;-3580;-17194;-3444;15014;;
9721.32;-7178;-3499;-17286;-3453;15122;;
9729.84;-7124;-3421;-17218;-3407;14923;;
9738.36;-7280;-3581;-17577;-3662;15215;;
9746.88;-6951;-3480;-17363;-3202;15117;;
9755.40;-7296;-3780;-17511;-3513;14720;;
9763.92;-7123;-3516;-17361;-3475;15036;;
9772.44;-7149;-3798;-17554;-3533;14955;;
9780.96;-7205;-3563;-17397;-3655;14993;;
9789.48;-7205;-3654;-17661;-3542;15065;;
9798.00;-7258;-3735;-17662;-3637;14995;;
9806.52;-7170;-3644;-17597;-3428;15171;;
9815.04;-7213;-3885;-17796;-3647;14592;;
9823.56;-7434;-3623;-17480;-3571;14988;;
9832.08;-6992;-3805;-17867;-3794;14806;;
9840.60;-7290;-3971;-17637;-3652;14976;;
9849.12;-7251;-3839;-17821;-3861;14905;;
9857.64;-7303;-3884;-17851;-3607;15003;;
9866.16;-7419;-3893;-17822;-3703;14824;;
9874.68;-7272;-3897;-17961;-3784;14719;;
9883.20;-7426;-3918;-17765;-3679;14923;;
9891.72;-7106;-3818;-17966;-3963;14703;;
9900.24;-7357;-4263;-18068;-3619;15141;;
9908.76;-7272;-3969;-17754;-3911;14692;;
9917.28;-7447;-4068;-18005;-3906;15070;;
9925.80;-7394;-4019;-18014;-3866;14823;;
9934.32;-7504;-4032;-18031;-3887;14843;;
9942.84;-7285;-4062;-18152;-3878;14917;;
9951.36;-7330;-4067;-18040;-3956;14751;;
9959.88;-7428;-4278;-18303;-3873;15140;;
9968.40;-7318;-4103;-17892;-3835;14819;;
9976.92;-7611;-4250;-18196;-4280;14798;;
9985.44;-7296;-4031;-18164;-3991;15143;;
9993.96;-7593;-4299;-18295;-4057;14883;;
10002.48;-7467;-4057;-18347;-4047;14917;;